300 1000
110 109
291 143
38 195
79 167
21 5
207 160
261 138
238 158
226 279
26 249
222 127
11 236
269 245
240 231
159 22
45 181
3 233
201 139
175 81
249 159
80 127
137 186
187 164
182 204
2 242
170 259
272 174
274 259
97 115
148 233
265 162
68 90
256 243
113 240
94 278
88 93
131 92
8 137
132 86
289 297
225 161
282 154
1 169
76 163
285 112
222 201
103 217
263 143
133 146
219 39
239 247
300 71
219 263
121 35
15 199
134 204
230 4
145 109
235 246
223 283
195 128
17 248
216 242
178 289
300 191
67 247
30 26
112 290
257 279
57 279
213 6
224 202
233 86
9 270
201 100
7 112
114 295
291 27
92 268
192 90
47 23
101 13
154 78
49 159
40 68
17 72
9 181
42 265
24 133
174 73
32 190
110 205
253 81
269 192
216 81
185 76
7 153
21 13
75 248
57 148
273 284
74 115
280 278
128 124
166 133
210 248
262 172
299 99
295 70
123 171
219 60
257 104
221 100
274 293
105 261
270 146
80 116
154 37
214 132
57 192
47 190
213 226
184 92
230 189
259 72
212 189
232 39
180 53
192 206
37 246
21 277
219 281
52 276
230 168
247 99
141 18
258 212
88 122
33 63
47 205
93 148
284 27
223 161
70 249
16 203
95 173
154 163
216 58
271 174
8 16
176 98
213 176
110 29
129 157
103 140
230 265
42 268
206 37
263 245
280 159
170 86
74 31
9 236
111 247
7 127
80 65
250 296
41 73
101 22
141 77
212 139
21 274
219 129
284 251
179 193
90 163
262 59
174 234
95 119
230 142
19 182
51 246
246 242
114 278
184 155
103 215
229 64
137 98
225 73
74 83
225 222
230 283
225 25
39 251
46 242
20 85
52 111
91 292
118 25
57 76
12 274
183 44
176 175
149 158
191 231
8 223
263 289
28 78
206 164
72 196
271 44
222 85
191 128
59 265
149 87
30 125
223 235
71 83
137 204
192 211
219 279
93 111
39 275
282 186
129 35
68 33
155 199
93 181
24 153
67 208
174 297
159 287
142 249
35 81
60 107
190 142
49 281
273 289
278 243
134 224
43 296
129 66
180 187
14 133
41 27
33 207
103 252
108 82
174 201
191 216
210 138
268 278
45 10
259 142
137 126
95 25
282 102
207 268
187 297
191 249
206 253
41 287
222 178
151 279
210 10
24 222
256 45
137 73
184 160
288 111
8 174
204 18
216 139
70 10
114 187
227 122
268 167
47 116
296 120
155 254
248 120
14 235
81 10
219 49
128 58
115 146
295 196
89 255
80 95
74 210
284 196
190 297
67 295
53 243
222 108
159 27
61 270
115 268
74 255
182 264
216 212
127 205
283 138
71 215
123 250
38 10
187 44
237 34
45 44
200 211
257 39
281 25
80 197
126 167
174 300
222 162
188 11
160 96
66 48
299 258
155 176
38 154
230 281
147 205
41 153
259 35
284 267
288 117
13 115
268 138
14 51
39 160
114 17
238 241
59 212
219 99
296 235
190 20
17 204
24 55
43 300
191 251
3 178
13 267
252 35
141 69
154 299
10 116
255 1
182 45
236 34
3 1
227 23
288 249
93 283
197 99
157 221
178 41
240 69
290 275
148 200
188 258
45 268
30 155
69 177
258 241
135 139
282 270
182 217
130 254
51 35
3 293
7 264
222 292
47 201
29 169
90 36
105 277
182 168
117 290
134 265
182 37
128 163
130 236
209 100
116 276
40 275
166 294
180 296
266 197
40 289
114 148
236 171
297 211
79 272
52 147
250 99
19 275
262 109
222 171
117 31
262 4
155 119
104 270
8 59
182 61
184 41
274 81
105 202
101 199
83 104
76 51
190 251
248 10
55 165
154 53
220 294
107 228
48 255
17 181
135 185
266 5
157 267
3 111
9 280
290 139
256 2
60 193
294 130
286 188
113 197
188 155
182 189
263 171
141 279
203 50
66 92
295 213
250 1
291 176
238 165
300 164
24 109
194 189
135 18
182 11
142 147
8 246
93 211
103 158
118 149
252 90
183 261
97 47
299 120
129 26
134 241
42 169
70 177
140 23
200 126
194 296
256 140
269 161
38 127
28 215
129 147
56 221
219 44
284 69
32 58
168 248
282 105
73 246
280 297
228 64
79 204
142 91
60 6
150 252
32 160
92 111
200 236
109 158
286 224
156 17
252 178
266 226
238 141
41 56
269 39
88 230
160 44
12 177
112 289
277 37
15 78
3 78
229 178
214 58
299 56
91 58
137 11
176 86
21 176
93 89
88 243
42 225
264 108
209 162
40 175
208 122
156 141
266 284
155 16
121 149
119 152
80 274
81 204
174 221
188 265
209 161
269 249
282 273
145 105
75 73
45 130
47 58
208 260
107 272
142 167
49 14
190 22
253 208
194 227
101 265
286 144
66 137
199 143
60 54
232 207
264 138
161 267
262 115
188 168
189 86
60 158
299 41
97 231
55 133
259 169
253 132
60 94
39 98
99 242
11 235
45 148
106 131
250 142
145 223
97 64
209 64
214 171
230 34
111 126
89 160
135 11
113 144
48 153
193 96
142 195
88 77
173 138
32 31
183 133
125 73
75 37
144 223
75 264
288 203
12 156
63 195
144 160
274 218
173 96
105 149
293 99
214 270
188 193
132 108
176 99
97 23
52 172
127 270
68 250
256 156
230 11
75 203
37 136
38 19
171 64
299 54
219 163
76 231
284 98
272 103
247 164
223 69
94 233
166 147
262 228
16 27
112 133
209 10
263 23
74 67
49 152
42 183
107 208
224 238
257 102
269 72
131 189
179 116
257 218
38 41
216 136
284 218
282 113
60 261
263 75
2 189
272 63
118 156
91 152
94 177
12 244
245 35
93 127
108 6
281 244
229 47
174 235
295 210
17 167
135 92
194 69
285 98
106 265
151 291
62 55
115 261
93 257
170 125
79 145
296 6
219 157
121 300
290 73
135 260
83 36
227 176
199 157
226 85
239 132
31 115
284 15
264 292
10 169
43 211
88 100
43 163
215 297
232 138
274 1
60 15
118 252
228 288
255 254
217 244
144 152
114 249
185 87
2 48
112 104
225 251
121 4
33 273
197 189
2 90
198 207
33 100
291 109
239 87
222 254
191 84
229 240
3 274
237 106
221 86
92 127
216 31
170 158
38 132
149 196
197 193
211 136
161 149
187 90
14 124
15 112
257 193
97 161
144 270
295 83
284 16
273 4
208 279
296 261
2 5
185 100
271 194
62 196
42 148
219 107
67 269
247 169
25 149
22 171
185 223
170 14
142 287
129 34
157 146
67 244
250 234
7 225
9 18
206 218
94 181
145 48
295 200
207 31
41 293
198 127
68 235
249 205
282 205
8 173
273 293
170 67
298 34
185 124
19 13
21 290
54 99
182 53
117 35
177 261
289 56
21 260
220 133
55 157
121 16
269 295
38 290
210 149
47 44
7 275
108 36
24 190
224 152
108 204
115 27
274 108
83 51
159 261
106 210
45 171
145 192
188 48
237 175
40 45
251 61
174 251
159 64
258 267
188 207
32 42
240 99
252 125
135 261
131 148
105 190
212 124
28 61
62 235
39 203
40 226
266 287
299 223
266 231
17 246
89 141
297 261
209 196
94 56
207 164
249 96
252 77
268 124
63 69
214 178
224 85
199 138
7 253
131 190
142 6
26 10
135 281
9 81
33 296
19 94
269 126
263 102
110 188
17 161
178 64
268 165
195 6
210 5
225 39
283 69
282 178
236 100
44 139
185 142
7 185
14 199
256 107
194 259
61 165
257 281
102 186
118 74
271 31
110 282
134 31
205 122
185 208
137 283
95 72
97 292
72 53
168 5
81 126
151 248
254 298
74 155
273 61
7 102
297 181
170 222
85 23
191 205
26 157
297 128
250 236
30 67
199 148
33 264
198 267
3 25
101 295
263 139
55 6
113 211
299 294
129 193
125 167
277 117
238 160
57 125
170 251
194 73
24 13
67 71
40 111
17 112
273 128
237 163
202 226
193 51
284 72
194 213
154 18
30 103
88 116
135 112
201 13
297 51
271 122
22 200
262 119
178 165
8 235
153 243
38 175
259 189
79 162
230 253
250 34
2 176
155 175
135 254
15 221
2 154
282 35
125 200
62 83
103 239
3 73
114 169
213 211
48 196
156 73
143 87
110 1
40 254
299 86
291 83
142 31
235 18
54 20
3 156
285 95
71 153
189 124
93 291
37 200
239 204
32 159
144 253
229 9
198 163
181 65
143 160
264 35
160 246
283 98
109 70
125 71
178 56
300 189
215 233
284 186
101 250
145 107
106 138
129 95
26 18
213 293
144 207
111 81
151 47
53 218
63 152
282 2
285 174
93 48
241 139
206 251
123 68
274 235
214 238
135 222
62 119
258 99
74 127
191 203
173 182
286 87
299 287
300 288
288 84
288 35
273 39
30 252
281 213
130 164
255 23
88 147
257 4
70 13
180 210
15 226
42 107
107 50
254 204
219 62
