1000 1000
2 1 16386
3 2 41472
4 1 20512
5 1 2240
6 4 1288
7 2 4864
8 3 12288
9 2 33536
10 5 33056
11 4 10244
12 3 18448
13 7 2432
14 9 18433
15 2 517
16 5 24592
17 9 11
18 2 4162
19 5 138
20 8 5632
21 2 4116
22 17 8480
23 8 16641
24 7 8736
25 8 4144
26 13 146
27 26 6144
28 9 257
29 26 272
30 12 8449
31 12 656
32 4 33296
33 6 32772
34 31 50
35 14 16400
36 7 41
37 29 16768
38 1 2176
39 3 16390
40 16 6145
41 26 8258
42 12 33296
43 7 2065
44 3 10242
45 10 8705
46 35 33796
47 26 17664
48 21 16480
49 3 3584
50 1 34304
51 41 7
52 47 49154
53 12 16480
54 17 16418
55 32 20992
56 49 20544
57 56 49184
58 34 160
59 20 1096
60 13 2052
61 4 16393
62 11 37376
63 29 1036
64 63 257
65 14 17024
66 37 1026
67 31 25600
68 2 37376
69 52 28672
70 7 33408
71 68 3104
72 70 4353
73 62 18434
74 33 1664
75 66 20512
76 16 2688
77 14 32840
78 47 17024
79 4 516
80 65 36928
81 4 8708
82 39 49408
83 1 2564
84 71 10244
85 74 137
86 8 10244
87 38 416
88 78 516
89 45 642
90 38 12544
91 21 33281
92 91 20496
93 80 4132
94 50 2082
95 10 1537
96 25 32836
97 34 26
98 8 20484
99 31 9248
100 86 16648
101 84 8450
102 31 328
103 20 8720
104 60 2240
105 61 41984
106 12 896
107 61 8202
108 56 32833
109 35 16544
110 19 2052
111 22 34880
112 76 4106
113 17 16896
114 78 530
115 53 4164
116 31 2049
117 93 19456
118 116 530
119 70 6144
120 18 18436
121 75 18464
122 1 49160
123 20 8720
124 55 9728
125 87 8708
126 5 8260
127 5 2066
128 35 2114
129 13 33284
130 78 4226
131 46 8226
132 92 1090
133 78 4098
134 41 522
135 75 2592
136 30 34848
137 26 9728
138 119 42
139 90 16576
140 92 104
141 11 12
142 138 40968
143 78 34944
144 78 16448
145 100 32772
146 80 66
147 121 18944
148 40 8452
149 32 16648
150 69 8257
151 130 8328
152 133 193
153 4 1096
154 90 82
155 35 34820
156 44 2144
157 26 28672
158 102 2051
159 85 24584
160 143 4416
161 160 32770
162 153 5124
163 100 12
164 44 265
165 52 37
166 122 1092
167 91 292
168 66 1032
169 159 6272
170 158 292
171 64 21
172 116 2068
173 150 6145
174 139 32780
175 10 2312
176 26 8321
177 76 6208
178 117 16900
179 123 16704
180 139 4224
181 24 32904
182 34 2114
183 107 522
184 173 49152
185 28 2114
186 125 16393
187 8 3073
188 53 24584
189 182 3088
190 25 9216
191 21 4240
192 9 530
193 159 21
194 88 33152
195 186 1044
196 143 4160
197 79 12289
198 49 32928
199 20 388
200 24 38912
201 188 2113
202 176 16516
203 152 12296
204 107 8452
205 9 5376
206 21 18464
207 94 37376
208 175 8832
209 24 2192
210 48 5632
211 142 36928
212 69 37376
213 206 528
214 202 19456
215 36 72
216 149 1088
217 18 2082
218 133 32771
219 128 770
220 18 268
221 38 97
222 5 20480
223 72 33344
224 145 1030
225 86 5632
226 172 385
227 126 4160
228 138 6144
229 212 72
230 46 4101
231 61 5152
232 106 2320
233 32 2072
234 27 672
235 224 104
236 17 8200
237 66 16897
238 228 2368
239 141 81
240 9 6176
241 190 4
242 121 14336
243 54 24704
244 139 16898
245 42 8228
246 223 32848
247 102 288
248 48 16450
249 158 24577
250 148 16390
251 31 2368
252 93 8193
253 155 8288
254 84 9
255 11 16390
256 57 2312
257 107 34818
258 93 24592
259 180 1296
260 62 4128
261 221 8216
262 55 1088
263 237 24704
264 132 24608
265 80 16417
266 80 4132
267 115 16512
268 221 24640
269 140 57344
270 176 33808
271 118 32896
272 25 8322
273 63 1092
274 217 4610
275 61 4224
276 29 4136
277 90 34880
278 225 16402
279 228 290
280 10 4136
281 253 2065
282 85 18432
283 108 2564
284 152 1538
285 267 137
286 178 536
287 266 41984
288 234 8202
289 44 8208
290 97 32788
291 281 2320
292 91 33282
293 140 6152
294 144 3328
295 122 33800
296 25 131
297 261 16544
298 22 18464
299 153 2088
300 64 1568
301 194 16480
302 2 8212
303 301 5
304 67 3073
305 110 8196
306 264 8225
307 111 2144
308 113 104
309 274 65
310 58 8288
311 274 8456
312 105 56
313 156 26
314 141 1036
315 300 28
316 286 129
317 79 104
318 17 168
319 277 776
320 186 10256
321 51 8576
322 299 36928
323 241 4624
324 45 552
325 292 32834
326 268 2096
327 250 16449
328 72 33026
329 250 51200
330 230 8195
331 258 16514
332 217 32780
333 259 4120
334 223 32770
335 219 4352
336 202 2052
337 329 320
338 35 37376
339 275 68
340 138 3073
341 152 16672
342 240 100
343 189 4132
344 220 304
345 55 200
346 203 8225
347 252 32898
348 66 2564
349 150 264
350 268 8708
351 75 3074
352 189 257
353 235 17409
354 128 518
355 100 8193
356 185 2144
357 111 36872
358 230 74
359 231 8225
360 301 33152
361 353 5632
362 323 40992
363 200 1152
364 256 4368
365 206 32784
366 84 4356
367 114 1792
368 238 17412
369 141 1156
370 277 8322
371 230 36864
372 229 16544
373 181 36864
374 232 12320
375 252 8321
376 291 88
377 79 4353
378 166 256
379 151 17408
380 107 24580
381 25 289
382 52 2336
383 184 8
384 295 16387
385 135 578
386 281 2561
387 257 896
388 325 524
389 319 24584
390 93 137
391 44 2308
392 177 37376
393 126 33856
394 310 6160
395 213 772
396 210 24608
397 183 49154
398 13 2816
399 43 1408
400 11 33025
401 54 1284
402 246 16448
403 354 16513
404 355 3073
405 33 129
406 379 8200
407 39 38912
408 218 577
409 332 152
410 17 32804
411 125 656
412 398 48
413 293 17412
414 111 8321
415 8 35328
416 187 1048
417 41 1284
418 318 8324
419 388 36992
420 236 24577
421 420 1168
422 367 1030
423 372 8228
424 341 32928
425 109 4099
426 283 3584
427 202 33284
428 88 520
429 114 8706
430 213 770
431 279 8288
432 248 82
433 125 33856
434 296 2084
435 20 2050
436 375 784
437 3 2116
438 368 17536
439 39 4130
440 308 32904
441 313 1088
442 72 80
443 325 74
444 109 264
445 302 784
446 249 4352
447 187 289
448 58 259
449 55 26
450 77 2088
451 187 1184
452 215 8322
453 303 32772
454 49 20544
455 363 4098
456 139 88
457 263 32774
458 358 2054
459 163 336
460 370 35840
461 362 16768
462 289 16520
463 59 16390
464 379 18433
465 70 19
466 25 51200
467 152 2688
468 183 5122
469 325 322
470 234 32786
471 22 5128
472 168 8197
473 278 322
474 14 33024
475 69 8736
476 34 1041
477 230 32772
478 433 49216
479 223 8225
480 403 3328
481 41 4112
482 445 26624
483 350 33920
484 458 6400
485 69 544
486 237 4288
487 232 8260
488 297 33
489 420 25088
490 486 4352
491 54 16928
492 276 4610
493 74 32800
494 79 33800
495 139 16418
496 391 2184
497 487 4640
498 465 2088
499 433 41472
500 282 1072
501 155 3
502 116 592
503 163 8232
504 425 17440
505 55 8384
506 238 41
507 423 37376
508 78 32772
509 212 33288
510 303 4256
511 327 17440
512 329 8464
513 78 5121
514 222 2178
515 81 3080
516 357 32777
517 24 32896
518 237 41024
519 326 2178
520 228 49152
521 429 36880
522 103 98
523 180 88
524 20 9216
525 239 9220
526 134 133
527 32 17
528 224 1281
529 236 4176
530 500 33794
531 60 49216
532 326 13
533 338 4130
534 194 6145
535 512 536
536 516 112
537 317 524
538 64 544
539 69 34
540 404 578
541 260 17408
542 135 1154
543 72 6400
544 79 32833
545 290 16417
546 507 18496
547 47 6208
548 221 21
549 188 608
550 172 5
551 217 290
552 534 2
553 399 18448
554 195 2084
555 318 2306
556 327 292
557 295 2057
558 103 12800
559 472 4356
560 349 296
561 428 4120
562 145 6656
563 327 6160
564 202 32792
565 396 32864
566 51 266
567 242 4132
568 362 1538
569 474 1288
570 495 1032
571 300 772
572 518 196
573 233 17
574 304 4100
575 173 546
576 372 273
577 470 2114
578 81 16389
579 133 14336
580 241 137
581 145 24704
582 31 56
583 292 320
584 8 32834
585 288 13312
586 520 276
587 239 8450
588 262 2176
589 42 176
590 410 1057
591 434 546
592 567 161
593 244 2568
594 425 4164
595 317 8512
596 544 3584
597 560 2562
598 460 576
599 466 16904
600 127 32774
601 334 386
602 292 34820
603 361 515
604 289 4097
605 395 9216
606 250 4100
607 463 4232
608 557 2054
609 348 4136
610 565 24576
611 380 2178
612 543 2144
613 245 6208
614 590 16416
615 44 28
616 143 4612
617 605 2304
618 577 193
619 265 32928
620 94 2049
621 609 4098
622 60 560
623 397 16512
624 105 2128
625 563 56
626 399 2064
627 191 6144
628 313 14336
629 374 8197
630 499 8264
631 356 13312
632 44 289
633 426 36864
634 627 73
635 89 16450
636 462 8228
637 633 69
638 370 10244
639 44 16389
640 202 521
641 103 8264
642 353 2116
643 178 2240
644 606 10244
645 481 264
646 49 4228
647 91 4160
648 84 1537
649 355 16418
650 89 16900
651 446 8450
652 508 524
653 536 16641
654 265 4736
655 629 16960
656 203 131
657 253 16404
658 434 16402
659 242 2240
660 110 1152
661 83 16512
662 596 280
663 382 8704
664 259 10241
665 309 72
666 76 4356
667 446 4224
668 598 4097
669 485 16388
670 442 8736
671 386 1540
672 366 36868
673 328 16900
674 520 9280
675 583 32802
676 306 40964
677 227 11264
678 574 2592
679 317 72
680 196 1280
681 243 82
682 269 2120
683 189 10244
684 192 17
685 169 112
686 21 529
687 112 32896
688 36 1041
689 532 11264
690 438 33796
691 187 545
692 133 11264
693 151 129
694 317 6208
695 93 33800
696 598 40992
697 22 5248
698 584 34832
699 152 33793
700 452 1025
701 136 416
702 169 37376
703 59 1096
704 310 328
705 386 20496
706 185 50
707 166 1026
708 457 2068
709 82 32801
710 371 3584
711 145 321
712 165 10240
713 191 2180
714 298 274
715 607 33536
716 477 33
717 444 552
718 326 24
719 211 32808
720 502 8832
721 128 6160
722 651 4104
723 91 576
724 221 4102
725 610 2368
726 196 9728
727 600 18464
728 121 16640
729 535 49168
730 531 2072
731 211 2080
732 689 9217
733 44 4288
734 156 641
735 110 2060
736 612 1288
737 230 33800
738 311 34817
739 542 10368
740 145 38912
741 175 768
742 192 70
743 155 32808
744 120 2144
745 57 296
746 240 3136
747 299 386
748 100 17416
749 280 16456
750 536 288
751 561 33
752 484 521
753 303 40
754 549 10752
755 388 4128
756 442 34817
757 18 4168
758 28 192
759 553 4101
760 312 24578
761 28 138
762 76 34848
763 109 12544
764 286 22
765 637 2113
766 307 17409
767 238 32788
768 210 33794
769 687 4164
770 251 14
771 603 131
772 560 8480
773 271 96
774 420 324
775 323 51200
776 317 1536
777 633 8708
778 584 9218
779 510 6208
780 222 145
781 23 18688
782 776 12288
783 522 12352
784 646 18436
785 328 140
786 346 16656
787 414 266
788 413 40992
789 304 4192
790 604 548
791 264 16912
792 499 2304
793 467 8195
794 157 592
795 792 384
796 662 16656
797 253 4104
798 556 352
799 317 26
800 679 2088
801 566 1089
802 691 17664
803 612 16387
804 657 34848
805 675 16418
806 605 448
807 299 642
808 671 33088
809 407 80
810 799 1042
811 521 26624
812 147 45056
813 121 152
814 652 8260
815 104 8576
816 191 4608
817 200 672
818 712 32896
819 429 578
820 437 18944
821 190 17416
822 506 8384
823 703 16641
824 570 16912
825 171 32896
826 217 1544
827 151 8456
828 483 4114
829 596 4288
830 372 1056
831 546 10240
832 168 1048
833 290 18433
834 658 32912
835 678 16768
836 97 2096
837 470 4100
838 548 2112
839 710 33536
840 722 552
841 723 34880
842 294 168
843 274 16387
844 372 20484
845 695 33024
846 584 264
847 659 2308
848 207 6272
849 605 2064
850 289 137
851 381 32833
852 348 32928
853 833 8240
854 699 640
855 658 33408
856 644 4
857 150 33284
858 567 290
859 98 34824
860 172 82
861 777 28672
862 357 1088
863 631 17410
864 844 16768
865 121 24577
866 53 16448
867 78 384
868 601 16400
869 238 1154
870 570 32832
871 395 260
872 386 49152
873 217 10
874 205 8768
875 570 2561
876 811 5128
877 591 16644
878 610 2084
879 667 4128
880 813 672
881 596 352
882 131 400
883 742 25088
884 430 16420
885 438 36864
886 797 84
887 196 268
888 8 2568
889 383 2053
890 281 100
891 539 2177
892 300 1154
893 317 2084
894 539 16544
895 139 2562
896 35 5124
897 175 14
898 135 145
899 686 16960
900 278 8209
901 347 4225
902 179 32816
903 589 32834
904 399 49408
905 642 18433
906 226 1408
907 583 4114
908 575 144
909 238 16480
910 783 2320
911 111 132
912 637 68
913 821 8272
914 905 2048
915 808 5152
916 546 1284
917 397 18688
918 167 4102
919 134 17024
920 448 16480
921 812 552
922 784 36866
923 777 24576
924 314 1153
925 604 4168
926 469 16928
927 1 8336
928 298 1058
929 900 1544
930 139 6144
931 360 16912
932 802 16450
933 480 49
934 365 145
935 88 4112
936 307 21
937 791 152
938 903 2112
939 929 4240
940 619 4144
941 321 194
942 346 8228
943 597 35
944 709 2178
945 120 16513
946 769 16704
947 505 16408
948 127 6
949 283 2081
950 13 1089
951 487 34304
952 1 32792
953 757 2081
954 331 1026
955 285 196
956 470 548
957 631 24584
958 165 8202
959 76 1104
960 627 16644
961 272 12290
962 148 4864
963 145 1028
964 308 4609
965 849 24592
966 694 1280
967 915 10248
968 549 8576
969 919 12544
970 329 1058
971 150 4353
972 466 24577
973 259 1056
974 739 11
975 546 34
976 958 16387
977 157 16704
978 904 3076
979 652 259
980 626 33028
981 926 4616
982 665 18436
983 323 704
984 905 40976
985 672 4104
986 906 16396
987 783 2065
988 198 51200
989 671 4128
990 751 19
991 210 4113
992 257 392
993 27 2051
994 292 4099
995 854 57344
996 635 10256
997 879 100
998 922 104
999 721 18560
1000 295 536
476 991 33920
