480 197 288 159
166 165
121 120
141 140
309 308
4 3
104 103
35 34
388 387
374 373
375 374
360 359
49 48
358 357
429 428
397 396
210 209
422 421
33 32
162 161
144 143
463 462
199 198
417 416
371 370
346 345
118 117
331 330
419 418
71 70
247 246
18 17
378 377
80 79
450 449
126 125
283 282
452 451
301 300
124 123
189 188
240 239
281 280
404 403
290 289
415 414
288 287
277 276
61 60
94 93
295 294
361 360
431 430
2 1
418 417
454 453
317 316
7 6
81 80
14 13
205 204
174 173
255 254
98 97
245 244
157 156
343 342
334 333
349 348
354 353
57 56
279 278
276 275
228 227
181 180
273 272
219 218
433 432
119 118
147 146
180 179
85 84
68 67
37 36
472 471
53 52
383 382
175 174
244 243
40 39
391 390
160 159
20 19
271 270
330 329
366 365
235 234
459 458
379 378
130 129
456 455
420 419
102 101
13 12
432 431
221 220
115 114
143 142
5 4
120 119
267 266
23 22
177 176
338 337
86 85
447 446
393 392
106 105
225 224
398 397
156 155
46 45
381 380
131 130
230 229
382 381
241 240
466 465
285 284
12 11
392 391
305 304
258 257
88 87
414 413
213 212
152 151
226 225
169 168
26 25
449 448
63 62
457 456
137 136
89 88
148 147
236 235
170 169
203 202
227 226
428 427
475 474
95 94
353 352
201 200
304 303
308 307
218 217
183 182
416 415
87 86
93 92
435 434
373 372
194 193
376 375
298 297
352 351
468 467
92 91
286 285
254 253
207 206
367 366
195 194
296 295
333 332
163 162
149 148
127 126
335 334
289 288
291 290
36 35
185 184
246 245
292 291
139 138
299 298
261 260
362 361
390 389
477 476
385 384
54 53
75 74
154 153
176 175
117 116
204 203
167 166
70 69
191 190
323 322
239 238
11 10
138 137
21 20
396 395
377 376
64 63
55 54
320 319
206 205
129 128
78 77
146 145
426 425
17 16
444 443
132 131
114 113
380 379
458 457
341 340
215 214
9 8
423 422
470 469
25 24
109 108
316 315
60 59
158 157
327 326
83 82
107 106
372 371
259 258
182 181
238 237
44 43
401 400
434 433
467 466
31 30
345 344
263 262
51 50
233 232
260 259
322 321
274 273
45 44
425 424
242 241
231 230
471 470
347 346
6 5
406 405
200 199
77 76
439 438
479 478
84 83
364 363
287 286
248 247
112 111
164 163
443 442
249 248
350 349
3 2
39 38
212 211
159 158
365 364
56 55
297 296
96 95
314 313
329 328
344 343
324 323
395 394
461 460
168 167
336 335
424 423
265 264
59 58
122 121
74 73
253 252
136 135
280 279
257 256
355 354
407 406
453 452
357 356
184 183
28 27
100 99
220 219
262 261
42 41
101 100
38 37
82 81
186 185
65 64
193 192
48 47
303 302
62 61
294 293
69 68
128 127
155 154
103 102
190 189
73 72
442 441
90 89
133 132
237 236
480 479
232 231
188 187
455 454
413 412
91 90
58 57
445 444
172 171
43 42
306 305
52 51
465 464
72 71
264 263
22 21
312 311
412 411
223 222
27 26
224 223
437 436
321 320
116 115
318 317
192 191
405 404
34 33
196 195
41 40
473 472
430 429
234 233
386 385
427 426
464 463
339 338
243 242
325 324
332 331
178 177
478 477
76 75
32 31
351 350
10 9
300 299
66 65
438 437
135 134
250 249
359 358
252 251
222 221
315 314
402 401
229 228
408 407
140 139
369 368
256 255
340 339
440 439
356 355
161 160
441 440
313 312
337 336
123 122
270 269
173 172
403 402
446 445
293 292
266 265
134 133
179 178
202 201
436 435
284 283
421 420
105 104
150 149
268 267
328 327
310 309
197 196
411 410
19 18
214 213
399 398
171 170
448 447
460 459
151 150
153 152
387 386
251 250
217 216
462 461
278 277
409 408
111 110
50 49
97 96
79 78
363 362
8 7
282 281
145 144
15 14
216 215
208 207
67 66
275 274
342 341
125 124
474 473
319 318
30 29
99 98
348 347
29 28
108 107
47 46
307 306
368 367
113 112
326 325
410 409
302 301
209 208
16 15
110 109
394 393
384 383
469 468
370 369
451 450
211 210
476 475
269 268
24 23
400 399
198 197
187 186
389 388
272 271
311 310
165 164
142 141
