100 52 45 15
6 35
88 19
51 62
16 37
66 53
18 93
10 12
85 61
52 80
90 63
3 2
77 2
75 15
57 78
99 80
38 40
69 72
42 61
4 19
95 94
91 100
19 12
15 84
17 80
40 65
83 58
36 96
28 76
63 35
74 57
58 35
46 28
65 96
20 65
56 55
59 84
8 16
39 25
82 84
2 84
43 26
72 13
23 17
61 43
64 1
78 1
41 19
33 57
5 86
9 20
86 81
7 74
97 96
55 34
89 78
87 64
93 35
71 100
35 23
79 24
48 15
45 19
98 90
50 81
12 28
81 28
84 93
22 28
24 70
73 16
62 27
37 63
68 43
96 45
14 84
29 96
21 3
13 64
53 99
100 81
94 1
80 44
25 63
26 96
60 78
47 71
70 63
31 21
27 76
54 24
67 58
32 57
44 57
11 27
92 15
76 3
34 45
30 43
49 13
